6155,5[3,4,7,10,14]
4041,4[1,12]
4304,5[6,12]
5568,5[6,7,11]
6344,5[2,3,4,6,7,9,10,11]
5223,5[2,3]
4418,5[1,8]
5741,4[4,7,8,12]
5248,5[1,2,3,4,5,10,12]
4543,5[5,6,9,10]
5189,5[1,4,5,6,8,9,11,13]
4779,5[2,8,12,13]
5780,3[3,4,5,9]
8379,5[0,5,6,7,8,11,14]
5261,3[0,1,12]
6550,3[0,2,4,5,7,11]
5337,4[1,7,10,11,12]
4872,4[3,4,5,8,11,14]
7960,5[0,3,5,8,10,11,12]
5602,5[2,3,6,8,10]
4570,3[11,14]
5218,4[3,9]
5549,3[8,9]
8271,3[0,2,3,7,8,13]
4969,5[4,5,6,11,13,14]
5943,3[0,2,3,4,9,10,13,14]
5050,3[4,8,12]
8472,4[0,4,7,8,11,12,14]
5357,5[8,10,14]
5956,3[0,13]
7278,5[0,2,9]
5569,3[5,8,11]
4021,5[2,3,6,11]
5319,5[2,3,5,6,7,14]
7276,3[0,2,6,7,9,10,13]
4818,3[2,7,9,11,14]
4210,4[1,2,4,10,14]
4537,4[1,3,4,14]
5032,5[1,4,5,6,7,8,10,11,12,13]
4263,5[1,9,11]
6713,3[0,2,5,8,12,13]
5532,4[6,13]
7700,4[0,1,2,4,6]
5810,5[3,9,12,14]
4952,4[1,2,3,4,5,7,8,11]
4520,5[4,9,12,13,14]
5552,5[2,3,5,8,13]
4475,4[2,4,7]
5432,3[2,6,11,13]
7322,5[0,2,7,11]
4270,4[2,3,5,10,14]
4700,5[1,2,5,8,10,11]
5694,5[9,10,11,14]
4293,4[1,11,13]
4087,4[7,9,10,13,14]
5058,3[2,5,6,10,13]
7423,5[0,1,4,7,8,12,14]
5437,4[3,7,11]
4476,4[1,4,5,7,10]
4703,4[2,6]
3588,4[14]
4062,5[1]
4358,4[13]
6160,4[0,2,3,4,8]
4850,3[1,7,8,12]
8200,4[0,1,3,9,10,12]
5487,3[6,7,11,12]
4879,4[2,3,5,6,7,11,12]
5734,4[4,5,6,7,8,12]
4607,5[2,7,8,14]
4398,4[2,10]
8720,3[0,1,2,3,5,9,11]
6951,4[0,4,10,13]
5705,5[2,6,13,14]
6727,3[0,2,6,10,11,13]
5210,3[2,5,6,8,12,13]
5531,3[2,5,14]
5340,3[3,5,6,9,10,12]
8458,3[0,1,2,3,4,5,14]
6263,5[1,2,6,7,10,14]
4233,5[2,10]
5459,3[6,7,9]
5103,5[2,3,4,6,7,9,10,12]
5339,3[1,6,8,10]
5818,4[1,3,12,14]
4375,3[5]
5498,4[7,8,9,12]
4678,5[2,5,8,11]
5644,3[5,14]
4908,4[10]
3723,3[1]
5463,3[2,7,10]
3865,3[2,5,8,14]
6188,5[1,3,7,9,12,14]
6280,3[0,1,3,5,8,11,14]
5824,4[3,5,6,7,8,9,13]
4805,5[1,7,9,14]
6065,3[0,1,4,10,11,14]
4896,3[2,3,5]
4129,4[11,13]
4886,5[1,3,5,7,10]
4482,5[6,7,9,11,13]
6586,4[0,1,5,6,12]
5034,3[7]
4083,3[2,11,12,13]
4974,5[6,8,13,14]
5168,4[4,5,10,13]
4761,3[5]
5411,4[1,3,7,14]
8109,3[0,2,3,4,6,7,8,14]
6722,4[0,1,2,3,8,9,14]
6969,4[0,1,5,6,9,13,14]
6212,5[0,6,9,12,13,14]
4184,3[4,5,10]
5351,4[10]
4282,4[3,7,8,10,14]
8071,4[0,3,10,11,13,14]
7418,5[0,6,7,8]
6666,3[0,3,5,6,9,13,14]
6176,4[1,4,5,6,9,13]
5759,3[1,4,5,6,7,14]
4445,4[1,8,9]
5452,5[3,6,13]
4740,5[1,4,5,6,7,9]
5431,3[2,4,6,7,8,10]
5616,4[2,3,4,5,8,9,13]
6525,3[1,2,6,7,8]
5048,4[2,3,5,7,9,12]
3975,5[10]
4899,5[1,5,6,7,8,11,13]
4961,5[4,5,7,10,12]
8371,4[0,1,3,5,6,8,9,13,14]
7362,4[0,4,5,8,12,14]
7583,5[0,3,9]
3736,4[12]
6854,5[0,1,2,3,9,10,14]
5131,5[3,10,13,14]
5576,3[2,4,13]
7491,3[0,1,9,12,13,14]
7074,3[0,1,3,9,10,14]
5223,4[0]
